[?1h=
                                                                                < M A T L A B (R) >
                                                                      Copyright 1984-2022 The MathWorks, Inc.
                                                                     R2022a (9.12.0.1884302) 64-bit (glnxa64)
                                                                                 February 16, 2022

 
To get started, type doc.
For product information, visit www.mathworks.com.
 


*********************************** 
     AMIGO2, Copyright @CSIC      
     AMIGO2_R2019a [March 2019]      
*********************************** 

*Date: 01-Jun-2023

------>Pre processing....this may take a few seconds.


------>Checking inputs....
		Problem folder has not been provided. Default: Problem
------> WARNING message

		 AMIGO_check_model: You did not specify inputs.model.exe_type, standard will be assumed

[Warning: AMIGO_check_IVPsolver: Changing ivp solver to the only option compatible with charmodelC and sbmlmodel, cvodes] 
[> In AMIGO_check_IVPsolver (line 24)
In AMIGO_check_model (line 387)
In AMIGO_Prep (line 55)
In HIV_JRB (line 106)
In run (line 91)] 
[Warning: AMIGO_check_IVPsolver: Changing sensitivities solver to, cvodes] 
[> In AMIGO_check_IVPsolver (line 31)
In AMIGO_check_model (line 387)
In AMIGO_Prep (line 55)
In HIV_JRB (line 106)
In run (line 91)] 
------> Generating C code ...


------> Mexing files....

[?1h=[?1h=[?1h=Building with 'gcc'.
[?1h=[?1h=[?1h=[?1h=[?1h=/home/soogo/ParameterEstimation.jl/benchmarks/matlab/src/AMIGO2_R2019b/Kernel/IVP_solvers/cvodes/C_src4Amigo/src/src_amigo/simulate_amigo_model.c: In function ‘simulate_amigo_model’:
/home/soogo/ParameterEstimation.jl/benchmarks/matlab/src/AMIGO2_R2019b/Kernel/IVP_solvers/cvodes/C_src4Amigo/src/src_amigo/simulate_amigo_model.c:278:11: warning: passing argument 1 of ‘mexPrintf’ from incompatible pointer type [-Wincompatible-pointer-types]
  278 | mexPrintf(stderr,"\nSolver failed at flag = CVode(cvode_mem, tout, y, &t, CV_TSTOP_RETURN);. . .\n");
      |           ^~~~~~
      |           |
      |           FILE * {aka struct _IO_FILE *}
In file included from /home/soogo/ParameterEstimation.jl/benchmarks/matlab/src/AMIGO2_R2019b/Kernel/IVP_solvers/cvodes/C_src4Amigo/include/include_amigo/simulate_amigo_model.h:4,
                 from /home/soogo/ParameterEstimation.jl/benchmarks/matlab/src/AMIGO2_R2019b/Kernel/IVP_solvers/cvodes/C_src4Amigo/src/src_amigo/simulate_amigo_model.c:1:
/local/MATLAB/R2022a/extern/include/mex.h:192:17: note: expected ‘const char *’ but argument is of type ‘FILE *’ {aka ‘struct _IO_FILE *’}
  192 |     const char *fmt, /* printf style format */
      |     ~~~~~~~~~~~~^~~

[?1h=/home/soogo/ParameterEstimation.jl/benchmarks/matlab/src/AMIGO2_R2019b/Kernel/IVP_solvers/cvodes/C_src4Amigo/src/src_interface/interface_with_matlab.c: In function ‘mexFunction’:
/home/soogo/ParameterEstimation.jl/benchmarks/matlab/src/AMIGO2_R2019b/Kernel/IVP_solvers/cvodes/C_src4Amigo/src/src_interface/interface_with_matlab.c:181:14: warning: assignment to ‘mxArray *’ {aka ‘struct mxArray_tag *’} from incompatible pointer type ‘double *’ [-Wincompatible-pointer-types]
  181 | stats_struct = mxGetPr(plhs[5]);
      |              ^

[?1h=[?1h=[?1h=/home/soogo/ParameterEstimation.jl/benchmarks/matlab/src/AMIGO2_R2019b/Kernel/IVP_solvers/cvodes/C_src4Amigo/src/src_cvodes/cvodes.c: In function ‘cvProcessError’:
/home/soogo/ParameterEstimation.jl/benchmarks/matlab/src/AMIGO2_R2019b/Kernel/IVP_solvers/cvodes/C_src4Amigo/src/src_cvodes/cvodes.c:8961:21: warning: format not a string literal and no format arguments [-Wformat-security]
 8961 |     fprintf(stderr, msg);
      |                     ^~~

[?1h=[?1h=[?1h=[?1h=[?1h=[?1h=[?1h=[?1h=[?1h=[?1h=[?1h=[?1h=[?1h=[?1h=[?1h=[?1h=[?1h=[?1h=[?1h=[?1h=[?1h=[?1h=[?1h=[?1h=[?1h=MEX completed successfully.


------>Files generated....


*********************************** 
     AMIGO2, Copyright @CSIC      
     AMIGO2_R2019a [March 2019]      
*********************************** 

*Date: 01-Jun-2023

------>Checking inputs....
		Problem folder has not been provided. Default: Problem
------> WARNING message

		 AMIGO_check_model: You did not specify inputs.model.exe_type, standard will be assumed

[Warning: AMIGO_check_IVPsolver: Changing ivp solver to the only option compatible with charmodelC and sbmlmodel, cvodes] 
[> In AMIGO_check_IVPsolver (line 24)
In AMIGO_check_model (line 387)
In AMIGO_PE (line 83)
In HIV_JRB (line 107)
In run (line 91)] 
[Warning: AMIGO_check_IVPsolver: Changing sensitivities solver to, cvodes] 
[> In AMIGO_check_IVPsolver (line 31)
In AMIGO_check_model (line 387)
In AMIGO_PE (line 83)
In HIV_JRB (line 107)
In run (line 91)] 


------> WARNING message

		 You have not provided the sampling times.
 		 Equidistant sampling will be assumed for experiment 1
		 Note however that you may modify your input file by adding
		 inputs.exps.t_s{iexp}

ans =

    1.5000    1.5000    1.5000    1.5000    1.5000    1.5000    1.5000    1.5000    1.5000    1.5000

[Warning: Directory already exists.] 
[> In AMIGO_gen_obs (line 38)
In AMIGO_PE (line 128)
In HIV_JRB (line 107)
In run (line 91)] 
[Warning: Name is nonexistent or not a directory: /home/soogo/ParameterEstimation.jl/benchmarks/matlab/src/AMIGO2_R2019b/Results/Problem/AMIGO_gen_obs_problem.m] 
[> In path (line 109)
In addpath (line 86)
In AMIGO_gen_obs (line 109)
In AMIGO_PE (line 128)
In HIV_JRB (line 107)
In run (line 91)] 

ans =

    '/home/soogo/ParameterEstimation.jl/benchmarks/matlab/src/AMIGO2_R2019b/Results/Problem/AMIGO_gen_obs_problem.m'


*************************************************************************


------>IMPORTANT!!: Most of the optimization solvers have their own
                    tunning parameters (options).
                    Defaults have been assigned in the *NLPsolver*_options
                    files. You may need to modify those settings for your
                    particular problem, specially:
                      - maximum number of function evaluations /iterations,
                      - maximum computational time


******************************************************************

  Solving the NLP problem with
		>Summary of selected eSS options: 
ess_options.
	dim_refset:	'auto'
	inter_save:	0
	iterprint:	1
	local:	(1x1 struct)
	log_var:	(1x5 double)
	maxeval:	20000
	maxtime:	600
	ndiverse:	'auto'
nl2sol_settings.
	display:	1
	grad:	[]
	iterfun:	[]
	maxfeval:	2000
	maxiter:	1000
	objrtol:	1e-10
	tolafun:	1e-10
	tolrfun:	1e-10

		>Bounds on the unknowns:

		v_guess(1)=1.500050;  v_min(1)=0.000100;  v_max(1)=3.000000;
		v_guess(2)=1.500050;  v_min(2)=0.000100;  v_max(2)=3.000000;
		v_guess(3)=1.500050;  v_min(3)=0.000100;  v_max(3)=3.000000;
		v_guess(4)=1.500050;  v_min(4)=0.000100;  v_max(4)=3.000000;
		v_guess(5)=1.500050;  v_min(5)=0.000100;  v_max(5)=3.000000;
		v_guess(6)=1.500050;  v_min(6)=0.000100;  v_max(6)=3.000000;
		v_guess(7)=1.500050;  v_min(7)=0.000100;  v_max(7)=3.000000;
		v_guess(8)=1.500050;  v_min(8)=0.000100;  v_max(8)=3.000000;
		v_guess(9)=1.500050;  v_min(9)=0.000100;  v_max(9)=3.000000;
		v_guess(10)=1.500050;  v_min(10)=0.000100;  v_max(10)=3.000000;
		v_guess(11)=1.500050;  v_min(11)=0.000100;  v_max(11)=3.000000;
		v_guess(12)=1.500050;  v_min(12)=0.000100;  v_max(12)=3.000000;
		v_guess(13)=1.500050;  v_min(13)=0.000100;  v_max(13)=3.000000;
		v_guess(14)=1.500050;  v_min(14)=0.000100;  v_max(14)=3.000000;
		v_guess(15)=1.500050;  v_min(15)=0.000100;  v_max(15)=3.000000;


------------------------------------------------------------------------------ 
 eSS R2010B - Enhanced Scatter Search    
<c> IIM-CSIC, Vigo, Spain -  email: gingproc@iim.csic.es 
------------------------------------------------------------------------------ 

Refset size automatically calculated: 14
Number of diverse solutions automatically calculated: 150


-----------------------------------------------
 Initial value problem related active settings
-----------------------------------------------
ivpsolver: cvodes
RelTol: 1e-12
AbsTol: 1e-12
MaxStepSize: Inf
MaxNumberOfSteps: 1e+06
Initial Pop: NFunEvals: 158  Bestf: 5.32666      CPUTime: 1.900000    Var: 21255.2 
Iteration: 1 NFunEvals: 367  Bestf: 1.34708      CPUTime: 2.140000    Var: 35.3499 
Call local solver: NL2SOL 
Initial point function value: 1.347075 

------------------------------------------------------------------
 This is dn2fb_ (NL2SNO v2.3)
 Authors: John Dennis, David Gay, Roy Welsch
 MEX Interface J. Currie 2012

 Problem Properties:
 # Decision Variables:       15
 # Data Points:              80
------------------------------------------------------------------

 *** SUCCESSFUL TERMINATION ***
 *** absolute function convergence ***
------------------------------------------------------------------

NL2SOL ended after 203 iteration and 3321 function evaluation:
       Results: NL2SOL exited
Local solution function value: 1.99167e-10 
Number of function evaluations in the local search: 3323 
CPU Time of the local search: 2.414275  seconds 

Iteration: 2 NFunEvals: 3895  Bestf: 1.99167e-10      CPUTime: 7.150000    Var: 0.667392 
Iteration: 3 NFunEvals: 4097  Bestf: 1.99167e-10      CPUTime: 7.300000    Var: 0.0578141 
Iteration: 4 NFunEvals: 4301  Bestf: 1.99167e-10      CPUTime: 7.450000    Var: 0.00683757 
Iteration: 5 NFunEvals: 4501  Bestf: 1.99167e-10      CPUTime: 7.850000    Var: 0.00354386 
Iteration: 6 NFunEvals: 4699  Bestf: 1.99167e-10      CPUTime: 8.120000    Var: 0.00200703 
Iteration: 7 NFunEvals: 4907  Bestf: 1.99167e-10      CPUTime: 8.310000    Var: 0.001191 
Iteration: 8 NFunEvals: 5103  Bestf: 1.99167e-10      CPUTime: 8.460000    Var: 0.000655603 
Iteration: 9 NFunEvals: 5303  Bestf: 1.99167e-10      CPUTime: 8.610000    Var: 0.000138458 
Iteration: 10 NFunEvals: 5499  Bestf: 1.99167e-10      CPUTime: 8.750000    Var: 7.45783e-06 
Iteration: 11 NFunEvals: 5700  Bestf: 1.99167e-10      CPUTime: 8.900000    Var: 1.02858e-06 
Call local solver: NL2SOL 
Initial point function value: 0.000163 

------------------------------------------------------------------
 This is dn2fb_ (NL2SNO v2.3)
 Authors: John Dennis, David Gay, Roy Welsch
 MEX Interface J. Currie 2012

 Problem Properties:
 # Decision Variables:       15
 # Data Points:              80
------------------------------------------------------------------

 *** SUCCESSFUL TERMINATION ***
 *** absolute function convergence ***
------------------------------------------------------------------

NL2SOL ended after 5 iteration and 101 function evaluation:
       Results: NL2SOL exited
Local solution function value: 1.76956e-10 
Number of function evaluations in the local search: 103 
CPU Time of the local search: 0.074544  seconds 

Iteration: 12 NFunEvals: 6005  Bestf: 1.76956e-10      CPUTime: 9.180000    Var: 9.94569e-08 
Iteration: 13 NFunEvals: 6204  Bestf: 1.76956e-10      CPUTime: 9.320000    Var: 1.26279e-08 
Iteration: 14 NFunEvals: 6397  Bestf: 1.76956e-10      CPUTime: 9.460000    Var: 4.45286e-09 
Iteration: 15 NFunEvals: 6592  Bestf: 1.76956e-10      CPUTime: 9.600000    Var: 9.17748e-10 
Iteration: 16 NFunEvals: 6781  Bestf: 1.76956e-10      CPUTime: 9.740000    Var: 1.04181e-10 
Iteration: 17 NFunEvals: 6974  Bestf: 1.76956e-10      CPUTime: 9.880000    Var: 3.58067e-11 
Iteration: 18 NFunEvals: 7169  Bestf: 1.76956e-10      CPUTime: 10.020000    Var: 3.58688e-11 
Iteration: 19 NFunEvals: 7357  Bestf: 1.76956e-10      CPUTime: 10.150000    Var: 3.61744e-11 
Iteration: 20 NFunEvals: 7545  Bestf: 1.76956e-10      CPUTime: 10.380000    Var: 3.67108e-11 
Iteration: 21 NFunEvals: 7735  Bestf: 1.76956e-10      CPUTime: 10.530000    Var: 8.05086e-12 
Call local solver: NL2SOL 
Initial point function value: 0.000000 

------------------------------------------------------------------
 This is dn2fb_ (NL2SNO v2.3)
 Authors: John Dennis, David Gay, Roy Welsch
 MEX Interface J. Currie 2012

 Problem Properties:
 # Decision Variables:       15
 # Data Points:              80
------------------------------------------------------------------

 *** SUCCESSFUL TERMINATION ***
 *** absolute function convergence ***
------------------------------------------------------------------

NL2SOL ended after 4 iteration and 83 function evaluation:
       Results: NL2SOL exited
Local solution function value: 1.67607e-10 
Number of function evaluations in the local search: 85 
CPU Time of the local search: 0.059970  seconds 

Iteration: 22 NFunEvals: 8016  Bestf: 1.67607e-10      CPUTime: 10.750000    Var: 9.74527 
Iteration: 23 NFunEvals: 8208  Bestf: 1.67607e-10      CPUTime: 10.890000    Var: 0.111779 
Iteration: 24 NFunEvals: 8397  Bestf: 1.67607e-10      CPUTime: 11.020000    Var: 0.000198292 
Iteration: 25 NFunEvals: 8583  Bestf: 1.67607e-10      CPUTime: 11.140000    Var: 9.97118e-07 
Iteration: 26 NFunEvals: 8769  Bestf: 1.67607e-10      CPUTime: 11.280000    Var: 3.6683e-08 
Iteration: 27 NFunEvals: 8955  Bestf: 1.67607e-10      CPUTime: 11.400000    Var: 2.94164e-12 
Iteration: 28 NFunEvals: 9142  Bestf: 1.67607e-10      CPUTime: 11.540000    Var: 2.32345e-15 
Iteration: 29 NFunEvals: 9327  Bestf: 1.67607e-10      CPUTime: 11.670000    Var: 2.34668e-15 
Iteration: 30 NFunEvals: 9514  Bestf: 1.67607e-10      CPUTime: 11.820000    Var: 4.05646e-16 
Iteration: 31 NFunEvals: 9704  Bestf: 1.67607e-10      CPUTime: 11.950000    Var: 0.09467 
Call local solver: NL2SOL 
Initial point function value: 0.000000 

------------------------------------------------------------------
 This is dn2fb_ (NL2SNO v2.3)
 Authors: John Dennis, David Gay, Roy Welsch
 MEX Interface J. Currie 2012

 Problem Properties:
 # Decision Variables:       15
 # Data Points:              80
------------------------------------------------------------------

 *** SUCCESSFUL TERMINATION ***
 *** absolute function convergence ***
------------------------------------------------------------------

NL2SOL ended after 4 iteration and 85 function evaluation:
       Results: NL2SOL exited
Local solution function value: 1.76222e-10 
Number of function evaluations in the local search: 87 
CPU Time of the local search: 0.061416  seconds 

Iteration: 32 NFunEvals: 9981  Bestf: 1.67607e-10      CPUTime: 12.170000    Var: 7.11248 
Iteration: 33 NFunEvals: 10168  Bestf: 1.67607e-10      CPUTime: 12.310000    Var: 0.00889516 
Iteration: 34 NFunEvals: 10359  Bestf: 1.67607e-10      CPUTime: 12.440000    Var: 3.33529e-05 
Iteration: 35 NFunEvals: 10550  Bestf: 1.67607e-10      CPUTime: 12.580000    Var: 1.6872e-07 
Iteration: 36 NFunEvals: 10735  Bestf: 1.67607e-10      CPUTime: 12.710000    Var: 8.61853e-09 
Iteration: 37 NFunEvals: 10925  Bestf: 1.67607e-10      CPUTime: 12.840000    Var: 2.61483e-10 
Iteration: 38 NFunEvals: 11117  Bestf: 1.67607e-10      CPUTime: 12.970000    Var: 2.83504e-12 
Iteration: 39 NFunEvals: 11308  Bestf: 1.67607e-10      CPUTime: 13.110000    Var: 1.17006 
Iteration: 40 NFunEvals: 11501  Bestf: 1.67607e-10      CPUTime: 13.260000    Var: 0.00157428 
Iteration: 41 NFunEvals: 11690  Bestf: 1.67607e-10      CPUTime: 13.420000    Var: 0.18021 
Call local solver: NL2SOL 
Initial point function value: 0.000000 

------------------------------------------------------------------
 This is dn2fb_ (NL2SNO v2.3)
 Authors: John Dennis, David Gay, Roy Welsch
 MEX Interface J. Currie 2012

 Problem Properties:
 # Decision Variables:       15
 # Data Points:              80
------------------------------------------------------------------

 *** SUCCESSFUL TERMINATION ***
 *** absolute function convergence ***
------------------------------------------------------------------

NL2SOL ended after 2 iteration and 52 function evaluation:
       Results: NL2SOL exited
Local solution function value: 1.95782e-10 
Number of function evaluations in the local search: 54 
CPU Time of the local search: 0.049188  seconds 

Iteration: 42 NFunEvals: 11935  Bestf: 1.67607e-10      CPUTime: 13.620000    Var: 3.18249 
Iteration: 43 NFunEvals: 12126  Bestf: 1.67607e-10      CPUTime: 13.760000    Var: 0.00239024 
Iteration: 44 NFunEvals: 12318  Bestf: 1.67607e-10      CPUTime: 13.920000    Var: 9.8087 
Iteration: 45 NFunEvals: 12513  Bestf: 1.67607e-10      CPUTime: 14.070000    Var: 4.83833 
Iteration: 46 NFunEvals: 12702  Bestf: 1.67607e-10      CPUTime: 14.200000    Var: 0.0038611 
Iteration: 47 NFunEvals: 12891  Bestf: 1.67607e-10      CPUTime: 14.340000    Var: 4.33924e-05 
Iteration: 48 NFunEvals: 13081  Bestf: 1.67607e-10      CPUTime: 14.480000    Var: 6.83484e-07 
Iteration: 49 NFunEvals: 13275  Bestf: 1.67607e-10      CPUTime: 14.630000    Var: 1.48171 
Iteration: 50 NFunEvals: 13466  Bestf: 1.67607e-10      CPUTime: 14.770000    Var: 0.0213352 
Iteration: 51 NFunEvals: 13653  Bestf: 1.67607e-10      CPUTime: 14.910000    Var: 0.000475003 
Call local solver: NL2SOL 
Initial point function value: 0.000001 

------------------------------------------------------------------
 This is dn2fb_ (NL2SNO v2.3)
 Authors: John Dennis, David Gay, Roy Welsch
 MEX Interface J. Currie 2012

 Problem Properties:
 # Decision Variables:       15
 # Data Points:              80
------------------------------------------------------------------

 *** SUCCESSFUL TERMINATION ***
 *** absolute function convergence ***
------------------------------------------------------------------

NL2SOL ended after 5 iteration and 102 function evaluation:
       Results: NL2SOL exited
Local solution function value: 1.18262e-10 
Number of function evaluations in the local search: 104 
CPU Time of the local search: 0.072591  seconds 

Iteration: 52 NFunEvals: 13949  Bestf: 1.18262e-10      CPUTime: 15.130000    Var: 2.63797 
Iteration: 53 NFunEvals: 14138  Bestf: 1.18262e-10      CPUTime: 15.260000    Var: 0.0104314 
Iteration: 54 NFunEvals: 14326  Bestf: 1.18262e-10      CPUTime: 15.410000    Var: 0.00010409 
Iteration: 55 NFunEvals: 14516  Bestf: 1.18262e-10      CPUTime: 15.550000    Var: 6.91494e-08 
Iteration: 56 NFunEvals: 14702  Bestf: 1.18262e-10      CPUTime: 15.680000    Var: 5.40105e-09 
Iteration: 57 NFunEvals: 14887  Bestf: 1.18262e-10      CPUTime: 15.810000    Var: 2.06933e-10 
Iteration: 58 NFunEvals: 15076  Bestf: 1.18262e-10      CPUTime: 15.950000    Var: 0.0449228 
Iteration: 59 NFunEvals: 15272  Bestf: 1.18262e-10      CPUTime: 16.100000    Var: 4.53359 
Iteration: 60 NFunEvals: 15461  Bestf: 1.18262e-10      CPUTime: 16.230000    Var: 0.0110936 
Iteration: 61 NFunEvals: 15653  Bestf: 1.18262e-10      CPUTime: 16.380000    Var: 0.20896 
Call local solver: NL2SOL 
Initial point function value: 0.000000 

------------------------------------------------------------------
 This is dn2fb_ (NL2SNO v2.3)
 Authors: John Dennis, David Gay, Roy Welsch
 MEX Interface J. Currie 2012

 Problem Properties:
 # Decision Variables:       15
 # Data Points:              80
------------------------------------------------------------------

 *** SUCCESSFUL TERMINATION ***
 *** absolute function convergence ***
------------------------------------------------------------------

NL2SOL ended after 6 iteration and 116 function evaluation:
       Results: NL2SOL exited
Local solution function value: 1.85813e-10 
Number of function evaluations in the local search: 118 
CPU Time of the local search: 0.082451  seconds 

Iteration: 62 NFunEvals: 15966  Bestf: 1.18262e-10      CPUTime: 16.650000    Var: 0.00916207 
Iteration: 63 NFunEvals: 16160  Bestf: 1.18262e-10      CPUTime: 16.790000    Var: 9.28615e-05 
Iteration: 64 NFunEvals: 16350  Bestf: 1.18262e-10      CPUTime: 16.930000    Var: 5.27607e-06 
Iteration: 65 NFunEvals: 16540  Bestf: 1.18262e-10      CPUTime: 17.070000    Var: 2.91477e-08 
Iteration: 66 NFunEvals: 16730  Bestf: 1.18262e-10      CPUTime: 17.300000    Var: 3.46063e-09 
Iteration: 67 NFunEvals: 16919  Bestf: 1.18262e-10      CPUTime: 18.180000    Var: 9.2999e-12 
Iteration: 68 NFunEvals: 17110  Bestf: 1.18262e-10      CPUTime: 19.240000    Var: 0.940373 
Iteration: 69 NFunEvals: 17302  Bestf: 1.18262e-10      CPUTime: 20.310000    Var: 10.3206 
Iteration: 70 NFunEvals: 17491  Bestf: 1.18262e-10      CPUTime: 21.480000    Var: 0.0129097 
Iteration: 71 NFunEvals: 17683  Bestf: 1.18262e-10      CPUTime: 22.750000    Var: 0.768518 
Call local solver: NL2SOL 
Initial point function value: 0.000000 

------------------------------------------------------------------
 This is dn2fb_ (NL2SNO v2.3)
 Authors: John Dennis, David Gay, Roy Welsch
 MEX Interface J. Currie 2012

 Problem Properties:
 # Decision Variables:       15
 # Data Points:              80
------------------------------------------------------------------

 *** SUCCESSFUL TERMINATION ***
 *** absolute function convergence ***
------------------------------------------------------------------

NL2SOL ended after 2 iteration and 52 function evaluation:
       Results: NL2SOL exited
Local solution function value: 1.92137e-10 
Number of function evaluations in the local search: 54 
CPU Time of the local search: 0.344542  seconds 

Iteration: 72 NFunEvals: 17930  Bestf: 1.18262e-10      CPUTime: 23.300000    Var: 0.208507 
Iteration: 73 NFunEvals: 18117  Bestf: 1.18262e-10      CPUTime: 23.460000    Var: 0.00175414 
Iteration: 74 NFunEvals: 18307  Bestf: 1.18262e-10      CPUTime: 23.630000    Var: 3.32249e-07 
Iteration: 75 NFunEvals: 18497  Bestf: 1.18262e-10      CPUTime: 23.800000    Var: 2.57221e-08 
Iteration: 76 NFunEvals: 18684  Bestf: 1.18262e-10      CPUTime: 23.940000    Var: 4.51316e-09 
Iteration: 77 NFunEvals: 18872  Bestf: 1.18262e-10      CPUTime: 24.070000    Var: 6.98514e-10 
Iteration: 78 NFunEvals: 19059  Bestf: 1.18262e-10      CPUTime: 24.230000    Var: 1.86497e-10 
Iteration: 79 NFunEvals: 19248  Bestf: 1.18262e-10      CPUTime: 24.390000    Var: 1.16107 
Iteration: 80 NFunEvals: 19438  Bestf: 1.18262e-10      CPUTime: 24.550000    Var: 0.00896441 
Iteration: 81 NFunEvals: 19626  Bestf: 1.18262e-10      CPUTime: 24.770000    Var: 1.16121e-06 
Call local solver: NL2SOL 
Initial point function value: 0.000001 

------------------------------------------------------------------
 This is dn2fb_ (NL2SNO v2.3)
 Authors: John Dennis, David Gay, Roy Welsch
 MEX Interface J. Currie 2012

 Problem Properties:
 # Decision Variables:       15
 # Data Points:              80
------------------------------------------------------------------

 *** SUCCESSFUL TERMINATION ***
 *** absolute function convergence ***
------------------------------------------------------------------

NL2SOL ended after 4 iteration and 84 function evaluation:
       Results: NL2SOL exited
Local solution function value: 1.65365e-10 
Number of function evaluations in the local search: 86 
CPU Time of the local search: 0.073592  seconds 

Iteration: 82 NFunEvals: 19910  Bestf: 1.18262e-10      CPUTime: 25.030000    Var: 12.6822 
Iteration: 83 NFunEvals: 20102  Bestf: 1.18262e-10      CPUTime: 25.200000    Var: 0.121793 

Final local refinement with: NL2SOL 
Initial point function value: 0.000000 

------------------------------------------------------------------
 This is dn2fb_ (NL2SNO v2.3)
 Authors: John Dennis, David Gay, Roy Welsch
 MEX Interface J. Currie 2012

 Problem Properties:
 # Decision Variables:       15
 # Data Points:              80
------------------------------------------------------------------

 *** SUCCESSFUL TERMINATION ***
 *** absolute function convergence ***
------------------------------------------------------------------

NL2SOL ended after 1 iteration and 18 function evaluation:
       Results: NL2SOL exited
Local solution function value: 0.000000 
Number of function evaluations in the local search: 20 
CPU Time of the local search: 0.016650  seconds 

Maximum number of function evaluations achieved
Best solution value		1.18262e-10
Decision vector
	0.0539125
	0.0343751
	0.725859
	0.338713
	0.0821813
	0.446383
	0.288703
	0.667652
	0.82839
	0.901319
	0.166998
	0.749036
	0.0839669
	0.667002
	0.833
CPU time		25.23
Number of function evaluations		20123
Execution of script mklJac as a function is not supported:
/home/soogo/ParameterEstimation.jl/benchmarks/matlab/src/AMIGO2_R2019b/Kernel/numericalDifferentiation/mklJac.m


------> Computing Correlation Matrix for unknowns...

---------------------------------------------------
Local sensitivity problem related active settings
---------------------------------------------------
senssolver: cvodes
ivp_RelTol: 1e-12
ivp_AbsTol: 1e-12
sens_RelTol: ~1e-12
sensmex: cvodesg_problem
MaxStepSize: Inf
MaxNumberOfSteps: 1e+06
sens_RelTol: ~1e-12

----------------------------------------------------------
------> WARNING message
		The Fisher Information Matrix is nearly singular.
----------------------------------------------------------



--------------------------------------------------------------------------
		
Experiment 1: 
		inputs.exp_data{1}=[
		0.667  0.833  0.167  0.833
		0.634955  0.799195  0.16899  0.821531
		0.604521  0.766649  0.170962  0.810217
		0.57561  0.735325  0.172917  0.799057
		0.548144  0.705184  0.174856  0.788049
		0.522045  0.676189  0.176778  0.777191
		0.497241  0.648304  0.178685  0.766483
		0.473666  0.621492  0.180576  0.755922
		0.451254  0.595719  0.182452  0.745506
		0.429946  0.570949  0.184314  0.735235
		0.409683  0.547148  0.186162  0.725106
		0.390413  0.524282  0.187996  0.715118
		0.372084  0.50232  0.189817  0.705269
		0.354648  0.48123  0.191624  0.695558
		0.33806  0.46098  0.193419  0.685982
		0.322275  0.441541  0.195202  0.676541
		0.307254  0.422882  0.196972  0.667232
		0.292957  0.404976  0.19873  0.658055
		0.279349  0.387795  0.200477  0.649007
		0.266394  0.371311  0.202212  0.640087
		];



---------------------------------------------------------------------------------------------
>>>>    Mean / Maximum value of the residuals in percentage (100*(data-model)/data):

		Experiment 1 : 
		 Observable 1 -->  mean error: 0.000229 %	 max error: 0.000748 %
		 Observable 2 -->  mean error: 0.000027 %	 max error: 0.000114 %
		 Observable 3 -->  mean error: 0.000575 %	 max error: 0.001581 %
		 Observable 4 -->  mean error: 0.000210 %	 max error: 0.000569 %

--------------------------------------------------------------------------

--------------------------------------------------------------------
>>>>    Maximum absolute value of the residuals (data-model):

		Experiment 1 : 
		 Observable 1 -->  max residual: 0.000002 max data: 0.667000
		 Observable 2 -->  max residual: 0.000000 max data: 0.833000
		 Observable 3 -->  max residual: 0.000003 max data: 0.202212
		 Observable 4 -->  max residual: 0.000004 max data: 0.833000

--------------------------------------------------------------------------	   

>>>> Best objective function: 0.000000 
	   

>>>> Computational cost: 25.230000 s
> 100.00% of successful simulationn
> 100.00% of successful sensitivity calculations


>>> Best values found and the corresponding asymptotic confidence intervals



>>> Estimated global parameters: 

	lm   : 5.3913e-02  +-  6.1187e-03 (    11.3%); 
	d    : 3.4375e-02  +-  2.0236e-02 (    58.9%); 
	beta : 7.2586e-01  +-  8.0570e-02 (    11.1%); 
	a    : 3.3871e-01  +-  7.5549e-03 (    2.23%); 
	k    : 8.2181e-02  +-  1.0002e-02 (    12.2%); 
	uu   : 4.4638e-01  +-  1.8960e-02 (    4.25%); 
	c    : 2.8870e-01  +-  1.1387e-02 (    3.94%); 
	q    : 6.6765e-01  +-  9.6842e-03 (    1.45%); 
	b    : 8.2839e-01  +-  1.7423e-03 (    0.21%); 
	h    : 9.0132e-01  +-  1.3788e-03 (   0.153%); 


>>> Estimated global initial conditions: 

	x  : 1.6700e-01  +-  1.8501e-06 ( 0.00111%); 
	yy : 7.4904e-01  +-  2.8812e-02 (    3.85%); 
	vv : 8.3967e-02  +-  2.8813e-02 (    34.3%); 
	w  : 6.6700e-01  +-  1.8120e-06 (0.000272%); 
	z  : 8.3300e-01  +-  1.7761e-06 (0.000213%); 


>>> Correlation matrix for the global unknowns:

	 1.000000e+00	 9.882738e-01	 -5.011074e-01	 4.558545e-01	 7.236070e-01	 2.521965e-01	 9.306120e-01	 1.350150e-01	 -1.609121e-01	 1.612982e-01	 -3.817861e-01	 -9.544976e-01	 9.545007e-01	 2.435678e-02	 -6.852899e-02
	 9.882738e-01	 1.000000e+00	 -5.137154e-01	 4.048148e-01	 6.732478e-01	 2.223784e-01	 9.042391e-01	 1.579255e-01	 -1.898441e-01	 1.908119e-01	 -3.177930e-01	 -9.271837e-01	 9.271903e-01	 -1.391533e-03	 -4.279459e-02
	 -5.011074e-01	 -5.137154e-01	 1.000000e+00	 -9.102615e-01	 -8.720117e-01	 7.101287e-01	 -6.846892e-01	 5.787661e-01	 -7.117539e-01	 7.203898e-01	 -5.295369e-02	 7.045042e-01	 -7.045069e-01	 -3.544912e-01	 2.882992e-01
	 4.558545e-01	 4.048148e-01	 -9.102615e-01	 1.000000e+00	 9.428441e-01	 -6.297798e-01	 6.800190e-01	 -6.380466e-01	 7.863652e-01	 -7.964261e-01	 -1.092298e-01	 -7.003796e-01	 7.003725e-01	 4.158502e-01	 -3.480172e-01
	 7.236070e-01	 6.732478e-01	 -8.720117e-01	 9.428441e-01	 1.000000e+00	 -3.717276e-01	 8.715641e-01	 -4.386294e-01	 5.428753e-01	 -5.505167e-01	 -2.448552e-01	 -8.962153e-01	 8.962098e-01	 3.314617e-01	 -2.967960e-01
	 2.521965e-01	 2.223784e-01	 7.101287e-01	 -6.297798e-01	 -3.717276e-01	 1.000000e+00	 -3.523025e-03	 7.452545e-01	 -9.121527e-01	 9.218924e-01	 -3.796101e-01	 6.026392e-03	 -6.028454e-03	 -3.670939e-01	 2.579839e-01
	 9.306120e-01	 9.042391e-01	 -6.846892e-01	 6.800190e-01	 8.715641e-01	 -3.523025e-03	 1.000000e+00	 -2.338022e-01	 1.614956e-01	 -1.247988e-01	 -3.327601e-01	 -9.740180e-01	 9.740181e-01	 5.274872e-02	 -2.487040e-01
	 1.350150e-01	 1.579255e-01	 5.787661e-01	 -6.380466e-01	 -4.386294e-01	 7.452545e-01	 -2.338022e-01	 1.000000e+00	 -8.861240e-01	 7.914800e-01	 -1.530767e-01	 1.047378e-01	 -1.047322e-01	 -7.824355e-02	 4.649120e-01
	 -1.609121e-01	 -1.898441e-01	 -7.117539e-01	 7.863652e-01	 5.428753e-01	 -9.121527e-01	 1.614956e-01	 -8.861240e-01	 1.000000e+00	 -9.846007e-01	 1.873216e-01	 -1.335283e-01	 1.335213e-01	 3.557295e-01	 -3.649703e-01
	 1.612982e-01	 1.908119e-01	 7.203898e-01	 -7.964261e-01	 -5.505167e-01	 9.218924e-01	 -1.247988e-01	 7.914800e-01	 -9.846007e-01	 1.000000e+00	 -1.893021e-01	 1.365911e-01	 -1.365841e-01	 -4.379400e-01	 3.072765e-01
	 -3.817861e-01	 -3.177930e-01	 -5.295369e-02	 -1.092298e-01	 -2.448552e-01	 -3.796101e-01	 -3.327601e-01	 -1.530767e-01	 1.873216e-01	 -1.893021e-01	 1.000000e+00	 3.400232e-01	 -3.400151e-01	 1.265122e-02	 2.255937e-02
	 -9.544976e-01	 -9.271837e-01	 7.045042e-01	 -7.003796e-01	 -8.962153e-01	 6.026392e-03	 -9.740180e-01	 1.047378e-01	 -1.335283e-01	 1.365911e-01	 3.400232e-01	 1.000000e+00	 -1.000000e+00	 -1.587964e-01	 1.717187e-01
	 9.545007e-01	 9.271903e-01	 -7.045069e-01	 7.003725e-01	 8.962098e-01	 -6.028454e-03	 9.740181e-01	 -1.047322e-01	 1.335213e-01	 -1.365841e-01	 -3.400151e-01	 -1.000000e+00	 1.000000e+00	 1.587918e-01	 -1.717145e-01
	 2.435678e-02	 -1.391533e-03	 -3.544912e-01	 4.158502e-01	 3.314617e-01	 -3.670939e-01	 5.274872e-02	 -7.824355e-02	 3.557295e-01	 -4.379400e-01	 1.265122e-02	 -1.587964e-01	 1.587918e-01	 1.000000e+00	 -1.838651e-01
	 -6.852899e-02	 -4.279459e-02	 2.882992e-01	 -3.480172e-01	 -2.967960e-01	 2.579839e-01	 -2.487040e-01	 4.649120e-01	 -3.649703e-01	 3.072765e-01	 2.255937e-02	 1.717187e-01	 -1.717145e-01	 -1.838651e-01	 1.000000e+00


------>Plotting results....



------>Results (report and struct_results.mat) and plots were kept in the directory:

		/home/soogo/ParameterEstimation.jl/benchmarks/matlab/src/AMIGO2_R2019b/Results/Problem/PE_problem_eSS_run1

		Click <a href="matlab: cd('/home/soogo/ParameterEstimation.jl/benchmarks/matlab/src/AMIGO2_R2019b/Results/Problem/PE_problem_eSS_run1')">here</a> to go to the results folder or <a href="matlab: load('/home/soogo/ParameterEstimation.jl/benchmarks/matlab/src/AMIGO2_R2019b/Results/Problem/PE_problem_eSS_run1/strreport_problem_run1.mat')">here</a> to load the results.
[?1l>

CPU time: 13.14+100.52 sec	Max. resident set size: 1366924 KB	 Elapsed: 84.20 sec.
