[?1h=
                                                 < M A T L A B (R) >
                                       Copyright 1984-2022 The MathWorks, Inc.
                                      R2022a (9.12.0.1884302) 64-bit (glnxa64)
                                                  February 16, 2022

 
To get started, type doc.
For product information, visit www.mathworks.com.
 


*********************************** 
     AMIGO2, Copyright @CSIC      
     AMIGO2_R2019a [March 2019]      
*********************************** 

*Date: 01-Jun-2023

------>Pre processing....this may take a few seconds.


------>Checking inputs....
		Problem folder has not been provided. Default: Problem
------> WARNING message

		 AMIGO_check_model: You did not specify inputs.model.exe_type, standard will be assumed

[Warning: AMIGO_check_IVPsolver: Changing ivp solver to the only option compatible with charmodelC and sbmlmodel, cvodes] 
[> In AMIGO_check_IVPsolver (line 24)
In AMIGO_check_model (line 387)
In AMIGO_Prep (line 55)
In HIV (line 99)
In run (line 91)] 
[Warning: AMIGO_check_IVPsolver: Changing sensitivities solver to, cvodes] 
[> In AMIGO_check_IVPsolver (line 31)
In AMIGO_check_model (line 387)
In AMIGO_Prep (line 55)
In HIV (line 99)
In run (line 91)] 
------> Generating C code ...


------> Mexing files....

[?1h=[?1h=[?1h=Building with 'gcc'.
[?1h=[?1h=[?1h=[?1h=[?1h=/home/soogo/ParameterEstimation.jl/benchmarks/matlab/src/AMIGO2_R2019b/Kernel/IVP_solvers/cvodes/C_src4Amigo/src/src_amigo/simulate_amigo_model.c: In function ‘simulate_amigo_model’:
/home/soogo/ParameterEstimation.jl/benchmarks/matlab/src/AMIGO2_R2019b/Kernel/IVP_solvers/cvodes/C_src4Amigo/src/src_amigo/simulate_amigo_model.c:278:11: warning: passing argument 1 of ‘mexPrintf’ from incompatible pointer type [-Wincompatible-pointer-types]
  278 | mexPrintf(stderr,"\nSolver failed at flag = CVode(cvode_mem, tout, y, &t, CV_TSTOP_RETURN);. . .\n");
      |           ^~~~~~
      |           |
      |           FILE * {aka struct _IO_FILE *}
In file included from /home/soogo/ParameterEstimation.jl/benchmarks/matlab/src/AMIGO2_R2019b/Kernel/IVP_solvers/cvodes/C_src4Amigo/include/include_amigo/simulate_amigo_model.h:4,
                 from /home/soogo/ParameterEstimation.jl/benchmarks/matlab/src/AMIGO2_R2019b/Kernel/IVP_solvers/cvodes/C_src4Amigo/src/src_amigo/simulate_amigo_model.c:1:
/local/MATLAB/R2022a/extern/include/mex.h:192:17: note: expected ‘const char *’ but argument is of type ‘FILE *’ {aka ‘struct _IO_FILE *’}
  192 |     const char *fmt, /* printf style format */
      |     ~~~~~~~~~~~~^~~

[?1h=/home/soogo/ParameterEstimation.jl/benchmarks/matlab/src/AMIGO2_R2019b/Kernel/IVP_solvers/cvodes/C_src4Amigo/src/src_interface/interface_with_matlab.c: In function ‘mexFunction’:
/home/soogo/ParameterEstimation.jl/benchmarks/matlab/src/AMIGO2_R2019b/Kernel/IVP_solvers/cvodes/C_src4Amigo/src/src_interface/interface_with_matlab.c:181:14: warning: assignment to ‘mxArray *’ {aka ‘struct mxArray_tag *’} from incompatible pointer type ‘double *’ [-Wincompatible-pointer-types]
  181 | stats_struct = mxGetPr(plhs[5]);
      |              ^

[?1h=[?1h=[?1h=/home/soogo/ParameterEstimation.jl/benchmarks/matlab/src/AMIGO2_R2019b/Kernel/IVP_solvers/cvodes/C_src4Amigo/src/src_cvodes/cvodes.c: In function ‘cvProcessError’:
/home/soogo/ParameterEstimation.jl/benchmarks/matlab/src/AMIGO2_R2019b/Kernel/IVP_solvers/cvodes/C_src4Amigo/src/src_cvodes/cvodes.c:8961:21: warning: format not a string literal and no format arguments [-Wformat-security]
 8961 |     fprintf(stderr, msg);
      |                     ^~~

[?1h=[?1h=[?1h=[?1h=[?1h=[?1h=[?1h=[?1h=[?1h=[?1h=[?1h=[?1h=[?1h=[?1h=[?1h=[?1h=[?1h=[?1h=[?1h=[?1h=[?1h=[?1h=[?1h=[?1h=[?1h=MEX completed successfully.


------>Files generated....


*********************************** 
     AMIGO2, Copyright @CSIC      
     AMIGO2_R2019a [March 2019]      
*********************************** 

*Date: 01-Jun-2023

------>Checking inputs....
		Problem folder has not been provided. Default: Problem
------> WARNING message

		 AMIGO_check_model: You did not specify inputs.model.exe_type, standard will be assumed

[Warning: AMIGO_check_IVPsolver: Changing ivp solver to the only option compatible with charmodelC and sbmlmodel, cvodes] 
[> In AMIGO_check_IVPsolver (line 24)
In AMIGO_check_model (line 387)
In AMIGO_PE (line 83)
In HIV (line 100)
In run (line 91)] 
[Warning: AMIGO_check_IVPsolver: Changing sensitivities solver to, cvodes] 
[> In AMIGO_check_IVPsolver (line 31)
In AMIGO_check_model (line 387)
In AMIGO_PE (line 83)
In HIV (line 100)
In run (line 91)] 


------> WARNING message

		 You have not provided the sampling times.
 		 Equidistant sampling will be assumed for experiment 1
		 Note however that you may modify your input file by adding
		 inputs.exps.t_s{iexp}

ans =

    1.0001    1.0001    1.0001    1.0001    1.0001    1.0001    1.0001    1.0001    1.0001    1.0001

[Warning: Directory already exists.] 
[> In AMIGO_gen_obs (line 38)
In AMIGO_PE (line 128)
In HIV (line 100)
In run (line 91)] 
[Warning: Name is nonexistent or not a directory:
/home/soogo/ParameterEstimation.jl/benchmarks/matlab/src/AMIGO2_R2019b/Results/Problem/AMIGO_gen_obs_problem.m] 
[> In path (line 109)
In addpath (line 86)
In AMIGO_gen_obs (line 109)
In AMIGO_PE (line 128)
In HIV (line 100)
In run (line 91)] 

ans =

    '/home/soogo/ParameterEstimation.jl/benchmarks/matlab/src/AMIGO2_R2019b/Results/Problem/AMIGO_gen_obs_problem.m'


*************************************************************************


------>IMPORTANT!!: Most of the optimization solvers have their own
                    tunning parameters (options).
                    Defaults have been assigned in the *NLPsolver*_options
                    files. You may need to modify those settings for your
                    particular problem, specially:
                      - maximum number of function evaluations /iterations,
                      - maximum computational time


******************************************************************

  Solving the NLP problem with
		>Summary of selected eSS options: 
ess_options.
	dim_refset:	'auto'
	inter_save:	0
	iterprint:	1
	local:	(1x1 struct)
	log_var:	[]
	maxeval:	20000
	maxtime:	600
	ndiverse:	'auto'
nl2sol_settings.
	display:	1
	grad:	[]
	iterfun:	[]
	maxfeval:	300
	maxiter:	300
	objrtol:	1e-06
	tolafun:	1e-06
	tolrfun:	1e-06

		>Bounds on the unknowns:

		v_guess(1)=1.000050;  v_min(1)=0.000100;  v_max(1)=2.000000;
		v_guess(2)=1.000050;  v_min(2)=0.000100;  v_max(2)=2.000000;
		v_guess(3)=1.000050;  v_min(3)=0.000100;  v_max(3)=2.000000;
		v_guess(4)=1.000050;  v_min(4)=0.000100;  v_max(4)=2.000000;
		v_guess(5)=1.000050;  v_min(5)=0.000100;  v_max(5)=2.000000;
		v_guess(6)=1.000050;  v_min(6)=0.000100;  v_max(6)=2.000000;
		v_guess(7)=1.000050;  v_min(7)=0.000100;  v_max(7)=2.000000;
		v_guess(8)=1.000050;  v_min(8)=0.000100;  v_max(8)=2.000000;
		v_guess(9)=1.000050;  v_min(9)=0.000100;  v_max(9)=2.000000;
		v_guess(10)=1.000050;  v_min(10)=0.000100;  v_max(10)=2.000000;
		v_guess(11)=1.000050;  v_min(11)=0.000100;  v_max(11)=2.000000;
		v_guess(12)=1.000050;  v_min(12)=0.000100;  v_max(12)=2.000000;
		v_guess(13)=1.000050;  v_min(13)=0.000100;  v_max(13)=2.000000;
		v_guess(14)=1.000050;  v_min(14)=0.000100;  v_max(14)=2.000000;
		v_guess(15)=1.000050;  v_min(15)=0.000100;  v_max(15)=2.000000;


------------------------------------------------------------------------------ 
 eSS R2010B - Enhanced Scatter Search    
<c> IIM-CSIC, Vigo, Spain -  email: gingproc@iim.csic.es 
------------------------------------------------------------------------------ 

Refset size automatically calculated: 14
Number of diverse solutions automatically calculated: 150


-----------------------------------------------
 Initial value problem related active settings
-----------------------------------------------
ivpsolver: cvodes
RelTol: 1e-12
AbsTol: 1e-12
MaxStepSize: Inf
MaxNumberOfSteps: 1e+06
Initial Pop: NFunEvals: 158  Bestf: 1.7234      CPUTime: 1.290000    Var: 1432.45 
Iteration: 1 NFunEvals: 366  Bestf: 1.48315      CPUTime: 1.600000    Var: 6.02621 
Call local solver: NL2SOL 
Initial point function value: 1.483150 

------------------------------------------------------------------
 This is dn2fb_ (NL2SNO v2.3)
 Authors: John Dennis, David Gay, Roy Welsch
 MEX Interface J. Currie 2012

 Problem Properties:
 # Decision Variables:       15
 # Data Points:              80
------------------------------------------------------------------

 *** SUCCESSFUL TERMINATION ***
 *** absolute function convergence ***
------------------------------------------------------------------

NL2SOL ended after 12 iteration and 213 function evaluation:
       Results: NL2SOL exited
Local solution function value: 1.327e-06 
Number of function evaluations in the local search: 215 
CPU Time of the local search: 0.275491  seconds 

Iteration: 2 NFunEvals: 789  Bestf: 1.327e-06      CPUTime: 2.330000    Var: 0.261025 
Iteration: 3 NFunEvals: 987  Bestf: 1.327e-06      CPUTime: 2.500000    Var: 0.033193 
Iteration: 4 NFunEvals: 1187  Bestf: 1.327e-06      CPUTime: 3.040000    Var: 0.00573472 
Iteration: 5 NFunEvals: 1391  Bestf: 1.327e-06      CPUTime: 3.680000    Var: 0.00129122 
Iteration: 6 NFunEvals: 1591  Bestf: 1.327e-06      CPUTime: 4.160000    Var: 0.000241321 
Iteration: 7 NFunEvals: 1785  Bestf: 1.327e-06      CPUTime: 4.640000    Var: 0.000100652 
Iteration: 8 NFunEvals: 1980  Bestf: 1.327e-06      CPUTime: 5.120000    Var: 1.77084e-05 
Iteration: 9 NFunEvals: 2178  Bestf: 1.327e-06      CPUTime: 5.600000    Var: 2.379e-06 
Iteration: 10 NFunEvals: 2374  Bestf: 1.327e-06      CPUTime: 6.120000    Var: 1.36417e-07 
Iteration: 11 NFunEvals: 2571  Bestf: 1.327e-06      CPUTime: 6.680000    Var: 7.0159e-08 
Call local solver: NL2SOL 
Initial point function value: 0.000398 

------------------------------------------------------------------
 This is dn2fb_ (NL2SNO v2.3)
 Authors: John Dennis, David Gay, Roy Welsch
 MEX Interface J. Currie 2012

 Problem Properties:
 # Decision Variables:       15
 # Data Points:              80
------------------------------------------------------------------

 *** SUCCESSFUL TERMINATION ***
 *** absolute function convergence ***
------------------------------------------------------------------

NL2SOL ended after 2 iteration and 51 function evaluation:
       Results: NL2SOL exited
Local solution function value: 5.3468e-07 
Number of function evaluations in the local search: 53 
CPU Time of the local search: 0.044155  seconds 

Iteration: 12 NFunEvals: 2822  Bestf: 5.3468e-07      CPUTime: 8.040000    Var: 1.30828e-08 
Iteration: 13 NFunEvals: 3018  Bestf: 5.3468e-07      CPUTime: 8.200000    Var: 2.29751e-09 
Iteration: 14 NFunEvals: 3211  Bestf: 5.3468e-07      CPUTime: 8.340000    Var: 5.51051e-10 
Iteration: 15 NFunEvals: 3404  Bestf: 5.3468e-07      CPUTime: 8.490000    Var: 2.15401e-10 
Iteration: 16 NFunEvals: 3595  Bestf: 5.3468e-07      CPUTime: 8.640000    Var: 7.28315e-11 
Iteration: 17 NFunEvals: 3785  Bestf: 5.3468e-07      CPUTime: 8.780000    Var: 5.74491e-11 
Iteration: 18 NFunEvals: 3974  Bestf: 5.3468e-07      CPUTime: 8.920000    Var: 5.35839e-11 
Iteration: 19 NFunEvals: 4169  Bestf: 5.3468e-07      CPUTime: 9.070000    Var: 4.61806e-11 
Iteration: 20 NFunEvals: 4356  Bestf: 5.3468e-07      CPUTime: 9.210000    Var: 4.29226e-11 
Iteration: 21 NFunEvals: 4545  Bestf: 5.3468e-07      CPUTime: 9.470000    Var: 4.45107e-11 
Call local solver: NL2SOL 
Initial point function value: 0.000002 

------------------------------------------------------------------
 This is dn2fb_ (NL2SNO v2.3)
 Authors: John Dennis, David Gay, Roy Welsch
 MEX Interface J. Currie 2012

 Problem Properties:
 # Decision Variables:       15
 # Data Points:              80
------------------------------------------------------------------

 *** SUCCESSFUL TERMINATION ***
 *** absolute function convergence ***
------------------------------------------------------------------

NL2SOL ended after 1 iteration and 34 function evaluation:
       Results: NL2SOL exited
Local solution function value: 1.1013e-06 
Number of function evaluations in the local search: 36 
CPU Time of the local search: 0.028725  seconds 

Iteration: 22 NFunEvals: 4773  Bestf: 5.3468e-07      CPUTime: 9.680000    Var: 0.398558 
Iteration: 23 NFunEvals: 4965  Bestf: 5.3468e-07      CPUTime: 9.820000    Var: 0.00395533 
Iteration: 24 NFunEvals: 5152  Bestf: 5.3468e-07      CPUTime: 9.960000    Var: 0.000120994 
Iteration: 25 NFunEvals: 5342  Bestf: 5.3468e-07      CPUTime: 10.100000    Var: 1.67474e-06 
Iteration: 26 NFunEvals: 5529  Bestf: 5.3468e-07      CPUTime: 10.250000    Var: 6.20393e-09 
Iteration: 27 NFunEvals: 5719  Bestf: 5.3468e-07      CPUTime: 10.390000    Var: 3.40012e-10 
Iteration: 28 NFunEvals: 5905  Bestf: 5.3468e-07      CPUTime: 10.540000    Var: 3.54653e-11 
Iteration: 29 NFunEvals: 6092  Bestf: 5.3468e-07      CPUTime: 10.680000    Var: 3.23833e-11 
Iteration: 30 NFunEvals: 6279  Bestf: 5.3468e-07      CPUTime: 10.820000    Var: 3.25102e-11 
Iteration: 31 NFunEvals: 6463  Bestf: 5.3468e-07      CPUTime: 10.960000    Var: 3.23064e-11 
Call local solver: NL2SOL 
Initial point function value: 0.000001 

------------------------------------------------------------------
 This is dn2fb_ (NL2SNO v2.3)
 Authors: John Dennis, David Gay, Roy Welsch
 MEX Interface J. Currie 2012

 Problem Properties:
 # Decision Variables:       15
 # Data Points:              80
------------------------------------------------------------------

 *** SUCCESSFUL TERMINATION ***
 *** absolute function convergence ***
------------------------------------------------------------------

NL2SOL ended after 1 iteration and 18 function evaluation:
       Results: NL2SOL exited
Local solution function value: 1.44158e-06 
Number of function evaluations in the local search: 20 
CPU Time of the local search: 0.015948  seconds 

Iteration: 32 NFunEvals: 6675  Bestf: 5.3468e-07      CPUTime: 11.130000    Var: 0.974996 
Iteration: 33 NFunEvals: 6868  Bestf: 5.3468e-07      CPUTime: 11.280000    Var: 0.00371853 
Iteration: 34 NFunEvals: 7063  Bestf: 5.3468e-07      CPUTime: 11.430000    Var: 1.16645e-06 
Iteration: 35 NFunEvals: 7259  Bestf: 5.3468e-07      CPUTime: 11.580000    Var: 1.4197 
Iteration: 36 NFunEvals: 7456  Bestf: 5.3468e-07      CPUTime: 11.730000    Var: 0.00835051 
Iteration: 37 NFunEvals: 7650  Bestf: 5.3468e-07      CPUTime: 11.870000    Var: 0.00017644 
Iteration: 38 NFunEvals: 7841  Bestf: 5.3468e-07      CPUTime: 12.010000    Var: 3.69437e-08 
Iteration: 39 NFunEvals: 8037  Bestf: 5.3468e-07      CPUTime: 12.150000    Var: 3.22067e-11 
Iteration: 40 NFunEvals: 8225  Bestf: 5.3468e-07      CPUTime: 12.280000    Var: 2.72622e-14 
Iteration: 41 NFunEvals: 8415  Bestf: 5.3468e-07      CPUTime: 12.420000    Var: 0.172711 
Call local solver: NL2SOL 
Initial point function value: 0.000002 

------------------------------------------------------------------
 This is dn2fb_ (NL2SNO v2.3)
 Authors: John Dennis, David Gay, Roy Welsch
 MEX Interface J. Currie 2012

 Problem Properties:
 # Decision Variables:       15
 # Data Points:              80
------------------------------------------------------------------

 *** SUCCESSFUL TERMINATION ***
 *** absolute function convergence ***
------------------------------------------------------------------

NL2SOL ended after 1 iteration and 18 function evaluation:
       Results: NL2SOL exited
Local solution function value: 1.90319e-06 
Number of function evaluations in the local search: 20 
CPU Time of the local search: 0.026334  seconds 

Iteration: 42 NFunEvals: 8628  Bestf: 5.3468e-07      CPUTime: 12.600000    Var: 0.00337512 
Iteration: 43 NFunEvals: 8822  Bestf: 5.3468e-07      CPUTime: 12.750000    Var: 4.61823e-06 
Iteration: 44 NFunEvals: 9010  Bestf: 5.3468e-07      CPUTime: 12.880000    Var: 2.82691e-08 
Iteration: 45 NFunEvals: 9198  Bestf: 5.3468e-07      CPUTime: 13.010000    Var: 1.72568e-11 
Iteration: 46 NFunEvals: 9388  Bestf: 5.3468e-07      CPUTime: 13.160000    Var: 1.08492 
Iteration: 47 NFunEvals: 9579  Bestf: 5.3468e-07      CPUTime: 13.290000    Var: 0.0013882 
Iteration: 48 NFunEvals: 9767  Bestf: 5.3468e-07      CPUTime: 13.430000    Var: 4.14499e-05 
Iteration: 49 NFunEvals: 9967  Bestf: 5.3468e-07      CPUTime: 13.570000    Var: 1.58261e-06 
Iteration: 50 NFunEvals: 10154  Bestf: 5.3468e-07      CPUTime: 13.710000    Var: 1.50277e-08 
Iteration: 51 NFunEvals: 10342  Bestf: 5.3468e-07      CPUTime: 13.840000    Var: 9.65511e-10 
Call local solver: NL2SOL 
Initial point function value: 0.000003 

------------------------------------------------------------------
 This is dn2fb_ (NL2SNO v2.3)
 Authors: John Dennis, David Gay, Roy Welsch
 MEX Interface J. Currie 2012

 Problem Properties:
 # Decision Variables:       15
 # Data Points:              80
------------------------------------------------------------------

 *** SUCCESSFUL TERMINATION ***
 *** absolute function convergence ***
------------------------------------------------------------------

NL2SOL ended after 1 iteration and 34 function evaluation:
       Results: NL2SOL exited
Local solution function value: 1.73234e-06 
Number of function evaluations in the local search: 36 
CPU Time of the local search: 0.025883  seconds 

Iteration: 52 NFunEvals: 10569  Bestf: 5.3468e-07      CPUTime: 14.020000    Var: 2.08522e-12 
Iteration: 53 NFunEvals: 10757  Bestf: 5.3468e-07      CPUTime: 14.160000    Var: 6.17425e-14 
Iteration: 54 NFunEvals: 10947  Bestf: 5.3468e-07      CPUTime: 14.300000    Var: 1.13428e-14 
Iteration: 55 NFunEvals: 11139  Bestf: 5.3468e-07      CPUTime: 14.440000    Var: 1.14453e-14 
Iteration: 56 NFunEvals: 11333  Bestf: 5.3468e-07      CPUTime: 14.720000    Var: 0.0191072 
Iteration: 57 NFunEvals: 11524  Bestf: 5.3468e-07      CPUTime: 14.860000    Var: 1.83686e-05 
Iteration: 58 NFunEvals: 11714  Bestf: 5.3468e-07      CPUTime: 14.990000    Var: 8.31211e-08 
Iteration: 59 NFunEvals: 11906  Bestf: 5.3468e-07      CPUTime: 15.140000    Var: 0.238976 
Iteration: 60 NFunEvals: 12096  Bestf: 5.3468e-07      CPUTime: 15.300000    Var: 0.269841 
Iteration: 61 NFunEvals: 12286  Bestf: 5.3468e-07      CPUTime: 15.430000    Var: 0.817095 
Call local solver: NL2SOL 
Initial point function value: 0.000001 

------------------------------------------------------------------
 This is dn2fb_ (NL2SNO v2.3)
 Authors: John Dennis, David Gay, Roy Welsch
 MEX Interface J. Currie 2012

 Problem Properties:
 # Decision Variables:       15
 # Data Points:              80
------------------------------------------------------------------

 *** SUCCESSFUL TERMINATION ***
 *** absolute function convergence ***
------------------------------------------------------------------

NL2SOL ended after 1 iteration and 18 function evaluation:
       Results: NL2SOL exited
Local solution function value: 1.24279e-06 
Number of function evaluations in the local search: 20 
CPU Time of the local search: 0.015357  seconds 

Iteration: 62 NFunEvals: 12498  Bestf: 5.3468e-07      CPUTime: 15.640000    Var: 0.00506634 
Iteration: 63 NFunEvals: 12685  Bestf: 5.3468e-07      CPUTime: 15.780000    Var: 2.28322e-05 
Iteration: 64 NFunEvals: 12875  Bestf: 5.3468e-07      CPUTime: 15.920000    Var: 2.10992e-07 
Iteration: 65 NFunEvals: 13064  Bestf: 5.3468e-07      CPUTime: 16.050000    Var: 1.20073e-10 
Iteration: 66 NFunEvals: 13258  Bestf: 5.3468e-07      CPUTime: 16.320000    Var: 1.81397e-12 
Iteration: 67 NFunEvals: 13455  Bestf: 5.3468e-07      CPUTime: 16.480000    Var: 1.51603 
Iteration: 68 NFunEvals: 13646  Bestf: 5.3468e-07      CPUTime: 16.620000    Var: 0.0083153 
Iteration: 69 NFunEvals: 13841  Bestf: 5.3468e-07      CPUTime: 16.750000    Var: 0.00013036 
Iteration: 70 NFunEvals: 14028  Bestf: 5.3468e-07      CPUTime: 16.900000    Var: 1.22029e-06 
Iteration: 71 NFunEvals: 14213  Bestf: 5.3468e-07      CPUTime: 17.040000    Var: 9.58822e-09 
Call local solver: NL2SOL 
Initial point function value: 0.000002 

------------------------------------------------------------------
 This is dn2fb_ (NL2SNO v2.3)
 Authors: John Dennis, David Gay, Roy Welsch
 MEX Interface J. Currie 2012

 Problem Properties:
 # Decision Variables:       15
 # Data Points:              80
------------------------------------------------------------------

 *** SUCCESSFUL TERMINATION ***
 *** absolute function convergence ***
------------------------------------------------------------------

NL2SOL ended after 1 iteration and 18 function evaluation:
       Results: NL2SOL exited
Local solution function value: 1.70087e-06 
Number of function evaluations in the local search: 20 
CPU Time of the local search: 0.014396  seconds 

Iteration: 72 NFunEvals: 14421  Bestf: 5.3468e-07      CPUTime: 17.200000    Var: 2.32738e-10 
Iteration: 73 NFunEvals: 14608  Bestf: 5.3468e-07      CPUTime: 17.340000    Var: 1.76954e-11 
Iteration: 74 NFunEvals: 14794  Bestf: 5.3468e-07      CPUTime: 17.480000    Var: 3.87069e-13 
Iteration: 75 NFunEvals: 14982  Bestf: 5.3468e-07      CPUTime: 17.620000    Var: 2.05561e-14 
Iteration: 76 NFunEvals: 15173  Bestf: 5.3468e-07      CPUTime: 17.760000    Var: 1.29912 
Iteration: 77 NFunEvals: 15364  Bestf: 5.3468e-07      CPUTime: 17.910000    Var: 1.46009e-05 
Iteration: 78 NFunEvals: 15554  Bestf: 5.3468e-07      CPUTime: 18.050000    Var: 0.0165204 
Iteration: 79 NFunEvals: 15742  Bestf: 5.3468e-07      CPUTime: 18.190000    Var: 0.000106491 
Iteration: 80 NFunEvals: 15932  Bestf: 5.3468e-07      CPUTime: 18.340000    Var: 0.0955895 
Iteration: 81 NFunEvals: 16120  Bestf: 5.3468e-07      CPUTime: 18.480000    Var: 0.000877771 
Call local solver: NL2SOL 
Initial point function value: 0.000001 

------------------------------------------------------------------
 This is dn2fb_ (NL2SNO v2.3)
 Authors: John Dennis, David Gay, Roy Welsch
 MEX Interface J. Currie 2012

 Problem Properties:
 # Decision Variables:       15
 # Data Points:              80
------------------------------------------------------------------

 *** SUCCESSFUL TERMINATION ***
 *** absolute function convergence ***
------------------------------------------------------------------

NL2SOL ended after 1 iteration and 18 function evaluation:
       Results: NL2SOL exited
Local solution function value: 1.21152e-06 
Number of function evaluations in the local search: 20 
CPU Time of the local search: 0.015791  seconds 

Iteration: 82 NFunEvals: 16329  Bestf: 5.3468e-07      CPUTime: 18.630000    Var: 2.66567e-06 
Iteration: 83 NFunEvals: 16519  Bestf: 5.3468e-07      CPUTime: 18.780000    Var: 7.2464e-09 
Iteration: 84 NFunEvals: 16706  Bestf: 5.3468e-07      CPUTime: 18.910000    Var: 2.56598e-10 
Iteration: 85 NFunEvals: 16895  Bestf: 5.3468e-07      CPUTime: 19.050000    Var: 5.51995e-13 
Iteration: 86 NFunEvals: 17083  Bestf: 5.3468e-07      CPUTime: 19.290000    Var: 1.36563e-14 
Iteration: 87 NFunEvals: 17274  Bestf: 5.3468e-07      CPUTime: 19.450000    Var: 0.333861 
Iteration: 88 NFunEvals: 17465  Bestf: 5.3468e-07      CPUTime: 19.600000    Var: 0.00355875 
Iteration: 89 NFunEvals: 17659  Bestf: 5.3468e-07      CPUTime: 19.750000    Var: 0.000110544 
Iteration: 90 NFunEvals: 17853  Bestf: 5.3468e-07      CPUTime: 19.900000    Var: 7.35054e-08 
Iteration: 91 NFunEvals: 18043  Bestf: 5.3468e-07      CPUTime: 20.030000    Var: 0.00148563 
Call local solver: NL2SOL 
Initial point function value: 0.000001 

------------------------------------------------------------------
 This is dn2fb_ (NL2SNO v2.3)
 Authors: John Dennis, David Gay, Roy Welsch
 MEX Interface J. Currie 2012

 Problem Properties:
 # Decision Variables:       15
 # Data Points:              80
------------------------------------------------------------------

 *** SUCCESSFUL TERMINATION ***
 *** absolute function convergence ***
------------------------------------------------------------------

NL2SOL ended after 1 iteration and 18 function evaluation:
       Results: NL2SOL exited
Local solution function value: 1.21256e-06 
Number of function evaluations in the local search: 20 
CPU Time of the local search: 0.014217  seconds 

Iteration: 92 NFunEvals: 18253  Bestf: 5.3468e-07      CPUTime: 20.290000    Var: 2.63889e-06 
Iteration: 93 NFunEvals: 18446  Bestf: 5.3468e-07      CPUTime: 20.430000    Var: 1.24149e-08 
Iteration: 94 NFunEvals: 18638  Bestf: 5.3468e-07      CPUTime: 20.570000    Var: 1.12264e-10 
Iteration: 95 NFunEvals: 18829  Bestf: 5.3468e-07      CPUTime: 20.700000    Var: 2.2797e-12 
Iteration: 96 NFunEvals: 19021  Bestf: 5.3468e-07      CPUTime: 20.850000    Var: 7.71757e-14 
Iteration: 97 NFunEvals: 19216  Bestf: 5.3468e-07      CPUTime: 20.990000    Var: 3.92644e-15 
Iteration: 98 NFunEvals: 19407  Bestf: 5.3468e-07      CPUTime: 21.130000    Var: 1.98326 
Iteration: 99 NFunEvals: 19595  Bestf: 5.3468e-07      CPUTime: 21.260000    Var: 0.00408568 
Iteration: 100 NFunEvals: 19783  Bestf: 5.3468e-07      CPUTime: 21.400000    Var: 1.75477e-05 
Iteration: 101 NFunEvals: 19979  Bestf: 5.3468e-07      CPUTime: 21.540000    Var: 1.67146e-07 
Call local solver: NL2SOL 
Initial point function value: 0.000001 

------------------------------------------------------------------
 This is dn2fb_ (NL2SNO v2.3)
 Authors: John Dennis, David Gay, Roy Welsch
 MEX Interface J. Currie 2012

 Problem Properties:
 # Decision Variables:       15
 # Data Points:              80
------------------------------------------------------------------

 *** SUCCESSFUL TERMINATION ***
 *** absolute function convergence ***
------------------------------------------------------------------

NL2SOL ended after 1 iteration and 18 function evaluation:
       Results: NL2SOL exited
Local solution function value: 1.1726e-06 
Number of function evaluations in the local search: 20 
CPU Time of the local search: 0.014250  seconds 


Final local refinement with: NL2SOL 
Initial point function value: 0.000001 

------------------------------------------------------------------
 This is dn2fb_ (NL2SNO v2.3)
 Authors: John Dennis, David Gay, Roy Welsch
 MEX Interface J. Currie 2012

 Problem Properties:
 # Decision Variables:       15
 # Data Points:              80
------------------------------------------------------------------

 *** SUCCESSFUL TERMINATION ***
 *** absolute function convergence ***
------------------------------------------------------------------

NL2SOL ended after 1 iteration and 18 function evaluation:
       Results: NL2SOL exited
Local solution function value: 0.000001 
Number of function evaluations in the local search: 20 
CPU Time of the local search: 0.014845  seconds 

Maximum number of function evaluations achieved
Best solution value		5.3468e-07
Decision vector
	0.0721217
	0.156155
	0.0617094
	0.886706
	0.4077
	0.26709
	1.61505
	1.6988
	0.854222
	0.861676
	0.167016
	0.0345304
	0.798733
	0.667169
	0.833079
CPU time		21.59
Number of function evaluations		20021
Execution of script mklJac as a function is not supported:
/home/soogo/ParameterEstimation.jl/benchmarks/matlab/src/AMIGO2_R2019b/Kernel/numericalDifferentiation/mklJac.m


------> Computing Correlation Matrix for unknowns...

---------------------------------------------------
Local sensitivity problem related active settings
---------------------------------------------------
senssolver: cvodes
ivp_RelTol: 1e-12
ivp_AbsTol: 1e-12
sens_RelTol: ~1e-12
sensmex: cvodesg_problem
MaxStepSize: Inf
MaxNumberOfSteps: 1e+06
sens_RelTol: ~1e-12

----------------------------------------------------------
------> WARNING message
		The Fisher Information Matrix is nearly singular.
----------------------------------------------------------



--------------------------------------------------------------------------
		
Experiment 1: 
		inputs.exp_data{1}=[
		0.667  0.833  0.167  0.833
		0.634955  0.799195  0.16899  0.821531
		0.604521  0.766649  0.170962  0.810217
		0.57561  0.735325  0.172917  0.799057
		0.548144  0.705184  0.174856  0.788049
		0.522045  0.676189  0.176778  0.777191
		0.497241  0.648304  0.178685  0.766483
		0.473666  0.621492  0.180576  0.755922
		0.451254  0.595719  0.182452  0.745506
		0.429946  0.570949  0.184314  0.735235
		0.409683  0.547148  0.186162  0.725106
		0.390413  0.524282  0.187996  0.715118
		0.372084  0.50232  0.189817  0.705269
		0.354648  0.48123  0.191624  0.695558
		0.33806  0.46098  0.193419  0.685982
		0.322275  0.441541  0.195202  0.676541
		0.307254  0.422882  0.196972  0.667232
		0.292957  0.404976  0.19873  0.658055
		0.279349  0.387795  0.200477  0.649007
		0.266394  0.371311  0.202212  0.640087
		];



---------------------------------------------------------------------------------------------
>>>>    Mean / Maximum value of the residuals in percentage (100*(data-model)/data):

		Experiment 1 : 
		 Observable 1 -->  mean error: 0.013385 %	 max error: 0.026780 %
		 Observable 2 -->  mean error: 0.012480 %	 max error: 0.040612 %
		 Observable 3 -->  mean error: 0.002476 %	 max error: 0.009740 %
		 Observable 4 -->  mean error: 0.015334 %	 max error: 0.031644 %

--------------------------------------------------------------------------

--------------------------------------------------------------------
>>>>    Maximum absolute value of the residuals (data-model):

		Experiment 1 : 
		 Observable 1 -->  max residual: 0.000169 max data: 0.667000
		 Observable 2 -->  max residual: 0.000151 max data: 0.833000
		 Observable 3 -->  max residual: 0.000016 max data: 0.202212
		 Observable 4 -->  max residual: 0.000264 max data: 0.833000

--------------------------------------------------------------------------	   

>>>> Best objective function: 0.000001 
	   

>>>> Computational cost: 21.590000 s
> 100.00% of successful simulationn
> 100.00% of successful sensitivity calculations


>>> Best values found and the corresponding asymptotic confidence intervals



>>> Estimated global parameters: 

	lm   : 7.2122e-02  +-  1.9793e-01 (     274%); 
	d    : 1.5615e-01  +-  3.1887e-01 (     204%); 
	beta : 6.1709e-02  +-  1.0571e+00 (1.71e+03%); 
	a    : 8.8671e-01  +-  2.0530e+00 (     232%); 
	k    : 4.0770e-01  +-  4.0070e+00 (     983%); 
	uu   : 2.6709e-01  +-  1.8277e-01 (    68.4%); 
	c    : 1.6151e+00  +-  1.4427e+01 (     893%); 
	q    : 1.6988e+00  +-  3.0328e+01 (1.79e+03%); 
	b    : 8.5422e-01  +-  7.4421e-01 (    87.1%); 
	h    : 8.6168e-01  +-  5.1292e-01 (    59.5%); 


>>> Estimated global initial conditions: 

	x  : 1.6702e-01  +-  1.2038e-04 (  0.0721%); 
	yy : 3.4530e-02  +-  5.8347e-01 (1.69e+03%); 
	vv : 7.9873e-01  +-  5.8352e-01 (    73.1%); 
	w  : 6.6717e-01  +-  1.2197e-04 (  0.0183%); 
	z  : 8.3308e-01  +-  1.2638e-04 (  0.0152%); 


>>> Correlation matrix for the global unknowns:

	 1.000000e+00	 9.901933e-01	 9.964600e-01	 8.897623e-01	 -2.182416e-01	 8.716174e-01	 3.389715e-02	 9.128720e-01	 -9.139439e-01	 9.139568e-01	 -5.643804e-01	 -6.160243e-01	 6.159766e-01	 3.103949e-02	 -1.883820e-01
	 9.901933e-01	 1.000000e+00	 9.750385e-01	 9.320881e-01	 -3.402643e-01	 7.992638e-01	 1.603763e-01	 9.544853e-01	 -9.556126e-01	 9.556276e-01	 -5.766280e-01	 -7.101586e-01	 7.101163e-01	 2.904191e-02	 -1.933844e-01
	 9.964600e-01	 9.750385e-01	 1.000000e+00	 8.539485e-01	 -1.394118e-01	 9.084184e-01	 -4.619773e-02	 8.776176e-01	 -8.786444e-01	 8.786559e-01	 -5.572238e-01	 -5.505808e-01	 5.505302e-01	 3.144163e-02	 -1.827728e-01
	 8.897623e-01	 9.320881e-01	 8.539485e-01	 1.000000e+00	 -5.672280e-01	 5.829820e-01	 4.540917e-01	 9.698300e-01	 -9.709447e-01	 9.709527e-01	 -4.482336e-01	 -8.753128e-01	 8.752866e-01	 1.026898e-01	 -2.741752e-01
	 -2.182416e-01	 -3.402643e-01	 -1.394118e-01	 -5.672280e-01	 1.000000e+00	 2.869474e-01	 -9.551283e-01	 -5.939831e-01	 5.947398e-01	 -5.947616e-01	 1.969960e-02	 8.942522e-01	 -8.942805e-01	 4.726509e-02	 5.182609e-02
	 8.716174e-01	 7.992638e-01	 9.084184e-01	 5.829820e-01	 2.869474e-01	 1.000000e+00	 -4.504262e-01	 5.981696e-01	 -5.988463e-01	 5.988489e-01	 -5.307381e-01	 -1.537436e-01	 1.536815e-01	 4.451778e-02	 -1.487292e-01
	 3.389715e-02	 1.603763e-01	 -4.619773e-02	 4.540917e-01	 -9.551283e-01	 -4.504262e-01	 1.000000e+00	 4.210667e-01	 -4.259084e-01	 4.269231e-01	 8.331768e-02	 -8.023082e-01	 8.023438e-01	 -1.831996e-02	 -1.434294e-01
	 9.128720e-01	 9.544853e-01	 8.776176e-01	 9.698300e-01	 -5.939831e-01	 5.981696e-01	 4.210667e-01	 1.000000e+00	 -9.990967e-01	 9.986284e-01	 -4.610137e-01	 -8.788977e-01	 8.788689e-01	 3.354024e-02	 -1.623195e-01
	 -9.139439e-01	 -9.556126e-01	 -8.786444e-01	 -9.709447e-01	 5.947398e-01	 -5.988463e-01	 -4.259084e-01	 -9.990967e-01	 1.000000e+00	 -9.999511e-01	 4.616119e-01	 8.799546e-01	 -8.799257e-01	 -1.402486e-02	 1.795310e-01
	 9.139568e-01	 9.556276e-01	 8.786559e-01	 9.709527e-01	 -5.947616e-01	 5.988489e-01	 4.269231e-01	 9.986284e-01	 -9.999511e-01	 1.000000e+00	 -4.616311e-01	 -8.799725e-01	 8.799437e-01	 9.736096e-03	 -1.832670e-01
	 -5.643804e-01	 -5.766280e-01	 -5.572238e-01	 -4.482336e-01	 1.969960e-02	 -5.307381e-01	 8.331768e-02	 -4.610137e-01	 4.616119e-01	 -4.616311e-01	 1.000000e+00	 2.579679e-01	 -2.579380e-01	 -1.973863e-02	 9.874370e-02
	 -6.160243e-01	 -7.101586e-01	 -5.505808e-01	 -8.753128e-01	 8.942522e-01	 -1.537436e-01	 -8.023082e-01	 -8.788977e-01	 8.799546e-01	 -8.799725e-01	 2.579679e-01	 1.000000e+00	 -1.000000e+00	 -2.144758e-02	 1.729631e-01
	 6.159766e-01	 7.101163e-01	 5.505302e-01	 8.752866e-01	 -8.942805e-01	 1.536815e-01	 8.023438e-01	 8.788689e-01	 -8.799257e-01	 8.799437e-01	 -2.579380e-01	 -1.000000e+00	 1.000000e+00	 2.144795e-02	 -1.729586e-01
	 3.103949e-02	 2.904191e-02	 3.144163e-02	 1.026898e-01	 4.726509e-02	 4.451778e-02	 -1.831996e-02	 3.354024e-02	 -1.402486e-02	 9.736096e-03	 -1.973863e-02	 -2.144758e-02	 2.144795e-02	 1.000000e+00	 -1.728921e-01
	 -1.883820e-01	 -1.933844e-01	 -1.827728e-01	 -2.741752e-01	 5.182609e-02	 -1.487292e-01	 -1.434294e-01	 -1.623195e-01	 1.795310e-01	 -1.832670e-01	 9.874370e-02	 1.729631e-01	 -1.729586e-01	 -1.728921e-01	 1.000000e+00


------>Plotting results....



------>Results (report and struct_results.mat) and plots were kept in the directory:

		/home/soogo/ParameterEstimation.jl/benchmarks/matlab/src/AMIGO2_R2019b/Results/Problem/PE_problem_eSS_run1

		Click <a href="matlab: cd('/home/soogo/ParameterEstimation.jl/benchmarks/matlab/src/AMIGO2_R2019b/Results/Problem/PE_problem_eSS_run1')">here</a> to go to the results folder or <a href="matlab: load('/home/soogo/ParameterEstimation.jl/benchmarks/matlab/src/AMIGO2_R2019b/Results/Problem/PE_problem_eSS_run1/strreport_problem_run1.mat')">here</a> to load the results.
[?1l>

CPU time: 6.98+99.51 sec	Max. resident set size: 1375116 KB	 Elapsed: 75.46 sec.
