Maximum number of function evaluations achieved
Best solution value		1.92477e-09
Decision vector
	0.129271
	0.258757
	0.199968
	0.393051
	0.799998
	0.503389
	0.705803
	0.820746
	0.563151
CPU time		14.5
Number of function evaluations		20047
Execution of script mklJac as a function is not supported:
/home/soogo/ParameterEstimation.jl/benchmarks/matlab/src/AMIGO2_R2019b/Kernel/numericalDifferentiation/mklJac.m


------> Computing Correlation Matrix for unknowns...

---------------------------------------------------
Local sensitivity problem related active settings
---------------------------------------------------
senssolver: cvodes
ivp_RelTol: 1e-12
ivp_AbsTol: 1e-12
sens_RelTol: ~1e-12
sensmex: cvodesg_problem
MaxStepSize: Inf
MaxNumberOfSteps: 1e+06
sens_RelTol: ~1e-12

----------------------------------------------------------
------> WARNING message
		The Fisher Information Matrix is nearly singular.
----------------------------------------------------------

Warning: Matrix is close to singular or badly scaled. Results may be inaccurate. RCOND =  8.245566e-19. 
> In AMIGO_corr_mat (line 81)
In AMIGO_CramerRao (line 345)
In AMIGO_PE (line 287)
In daisy_ex3_local (line 106)
In run (line 91)
 


--------------------------------------------------------------------------
		
Experiment 1: 
		inputs.exp_data{1}=[
		0.2  0.8
		0.263152  0.852632
		0.329772  0.905263
		0.399818  0.957895
		0.473258  1.01053
		0.550073  1.06316
		0.630255  1.11579
		0.713804  1.16842
		0.800735  1.22105
		0.891067  1.27368
		0.984834  1.32632
		1.08208  1.37895
		1.18284  1.43158
		1.28719  1.48421
		1.39519  1.53684
		1.50691  1.58947
		1.62244  1.64211
		1.74186  1.69474
		1.86528  1.74737
		1.9928  1.8
		];



---------------------------------------------------------------------------------------------
>>>>    Mean / Maximum value of the residuals in percentage (100*(data-model)/data):

		Experiment 1 : 
		 Observable 1 -->  mean error: 0.001644 %	 max error: 0.015807 %
		 Observable 2 -->  mean error: 0.000176 %	 max error: 0.000270 %

--------------------------------------------------------------------------

--------------------------------------------------------------------
>>>>    Maximum absolute value of the residuals (data-model):

		Experiment 1 : 
		 Observable 1 -->  max residual: 0.000032 max data: 1.992797
		 Observable 2 -->  max residual: 0.000002 max data: 1.800000

--------------------------------------------------------------------------	   

>>>> Best objective function: 0.000000 
	   

>>>> Computational cost: 14.500000 s
> 100.00% of successful simulationn
> 100.00% of successful sensitivity calculations


>>> Best values found and the corresponding asymptotic confidence intervals



>>> Estimated global parameters: 

	p1 : 1.2927e-01  +-  1.0073e-03 (   0.779%); 
	p3 : 2.5876e-01  +-  8.4999e-02 (    32.8%); 


>>> Estimated global initial conditions: 

	x1 : 1.9997e-01  +-  3.3155e-02 (    16.6%); 
	x2 : 3.9305e-01  +-  9.4123e-02 (    23.9%); 
	u0 : 8.0000e-01  +-  1.6809e-01 (      21%); 


>>> Estimated local parameters: 

	Experiment 1, p4 : 5.0339e-01  +-  2.2558e+02 (4.48e+04%); 
	Experiment 1, p6 : 7.0580e-01  +-  4.6630e+02 (6.61e+04%); 
	Experiment 1, p7 : 8.2075e-01  +-  8.7797e+02 (1.07e+05%); 


>>> Estimated local initial conditions: 

	Experiment 1, x3 : 5.6315e-01  +-  2.2558e+02 (4.01e+04%); 


>>> Correlation matrix for the global unknowns:

	 1.000000e+00	 8.107775e-01	 7.106495e-01	 -7.707554e-01	 8.609484e-01
	 8.107775e-01	 1.000000e+00	 9.877277e-01	 -9.970741e-01	 9.947923e-01
	 7.106495e-01	 9.877277e-01	 1.000000e+00	 -9.957528e-01	 9.672089e-01
	 -7.707554e-01	 -9.970741e-01	 -9.957528e-01	 1.000000e+00	 -9.841946e-01
	 8.609484e-01	 9.947923e-01	 9.672089e-01	 -9.841946e-01	 1.000000e+00


>>> Correlation matrix for the experiment 1

	 1.000000e+00	 9.999951e-01	 9.997087e-01	 -9.991013e-01	 -9.998337e-01	 1.885174e-01	 1.000000e+00	 9.998886e-01	 -4.028951e-09
	 9.999951e-01	 1.000000e+00	 9.997793e-01	 -9.989640e-01	 -9.998858e-01	 1.877347e-01	 9.999951e-01	 9.999304e-01	 -6.388397e-09
	 9.997087e-01	 9.997793e-01	 1.000000e+00	 -9.977876e-01	 -9.999826e-01	 1.819580e-01	 9.997089e-01	 9.999576e-01	 -7.229509e-09
	 -9.991013e-01	 -9.989640e-01	 -9.977876e-01	 1.000000e+00	 9.981624e-01	 -2.000370e-01	 -9.991010e-01	 -9.983574e-01	 1.100745e-08
	 -9.998337e-01	 -9.998858e-01	 -9.999826e-01	 9.981624e-01	 1.000000e+00	 -1.835073e-01	 -9.998339e-01	 -9.999945e-01	 6.934177e-09
	 1.885174e-01	 1.877347e-01	 1.819580e-01	 -2.000370e-01	 -1.835073e-01	 1.000000e+00	 1.885109e-01	 1.844662e-01	 -9.345622e-10
	 1.000000e+00	 9.999951e-01	 9.997089e-01	 -9.991010e-01	 -9.998339e-01	 1.885109e-01	 1.000000e+00	 9.998887e-01	 -7.228447e-08
	 9.998886e-01	 9.999304e-01	 9.999576e-01	 -9.983574e-01	 -9.999945e-01	 1.844662e-01	 9.998887e-01	 1.000000e+00	 -8.555734e-09
	 -4.028951e-09	 -6.388397e-09	 -7.229509e-09	 1.100745e-08	 6.934177e-09	 -9.345622e-10	 -7.228447e-08	 -8.555734e-09	 1.000000e+00


------>Plotting results....



------>Results (report and struct_results.mat) and plots were kept in the directory:

		/home/soogo/ParameterEstimation.jl/benchmarks/matlab/src/AMIGO2_R2019b/Results/Problem/PE_problem_eSS_run1

		Click <a href="matlab: cd('/home/soogo/ParameterEstimation.jl/benchmarks/matlab/src/AMIGO2_R2019b/Results/Problem/PE_problem_eSS_run1')">here</a> to go to the results folder or <a href="matlab: load('/home/soogo/ParameterEstimation.jl/benchmarks/matlab/src/AMIGO2_R2019b/Results/Problem/PE_problem_eSS_run1/strreport_problem_run1.mat')">here</a> to load the results.
